478 ,1111111111111911111118.11111111111111111111111.-111111 .

1111111 durch 1111 Verstandigung 11111111 diesen 1111111111(8.379].
Orgenflber 111 indifferenter, 111111111181111111111111111111111
111111111111111111 111 diesem (11111111111111) 0111111111 (S. 383).
Wie 111 11111111 11 11111111 1111111111111111111 11111111,
11111 111 11111111111111 111111 8111 111111 1111111111 sehon 11
11111 111111 111111 1111111111. [1111111111111111111111111111 ¹
111111, 11111111111111111111, 1111111111- und
Ρ11111111111, 111 11111111101111111 11111111111111 1111111111
11111111111111. Das 1111111111 Heiner’s 11111 111 1111 111111- 1
11111 11111111111111111111 111 1111111111 111 0111111111 gr'rnstig
surgenommen und 111 11 1111111 1111 sehon 1111 2. verb. 111.

(11111111 18112. Χ u. 281 8. 8⁰) 111111. Dr. Maus.

211111111111119, 21111111. 111 11111111. 111. 2. 8. 211 1111111111, 111
[1111111113 1111111 Kirchenrerhts 1111111111. 111 Vering's Kirehenreeht ¹
»loide 11111111 [1111111131111111 1111111113 111 11111118. 885 1. R 111
1111111111. 1111111111 11111111131111111181111 1111111 oldenburg ’111
1118884111111111111111 0111111111. 11 (11111 11111 consistorium. 11111-

111 111111 111 8. 885 1111111111111111118111.01111111 v. J. 185911311111
111 8. 871 1111113111111, 111111 1111111111 111 1111111111. 1111111111
11111 111. 21111 1111 11111111111111 11 81111111, 111 11 Ρ1111111 111
111111111111111111 11111, 1111 1111 1845 111 Dulduug 1111 . 1111111111
11 81111111 11111 11, 1111 11 111 181011 111111 111110111111111111 111111
(Ρ111111 1111111111 11111131 11111. 1111111111 ro 11111111,1111111111111 111
11 111 811111111111 ihrer 811111111111 111111111111 1111111111 1111111311, 111 r
deren 111111 11111111181111111111111. Das· 11 111 8111111 1111111πί18ωά
111111. 8111111111111 Ρ1ο111111111 1111111111 11111111 1111111111 11111
11111, 111 11 111111. 1111111111111111111 11111111. 111111111111113 111
811111, 111111 1111 111 11 0111111111.111111111111 011111 Freiburg.
81111111 1111111111 1111311111111111113111111111.1.1.1111111 3
1111111111 8111111111 11111111111111, 1111111 111 1111111111111111

1113111 1111 1111111111 beust, 1111111111111 111. r'err'rry.

111111

Sem 81111

I. 111 11111 Arndt. Prors. J. V. Dr. 8111111111 Halbarr,Pu-
Die 1111111 11111111111111 1111111111 111 1118111111111
1111111...1.1·.,11111 ³. 11111111111111111
01111111111111111311 111111- 11 111111 21111111 2. Deru.
11111111111111111111 1111·Ρ1111111111’11 11111 -
1111111111 11111111111111 111111 1111111 111111111111111111.111-
111“111’“111111Ρ1111111ῗ“111“ 81111111191111111
Corra-Rath, 8111111111 111 1111111 81111111 111111111ῗῖ
111111. 1011111111111111 111· 111 11 Ρ1111; 5. 1111111111,
11111111 111 1111111111 111 11111 formularum 11 1111111.
(1111111111 ....... 48 1111111111, 11 11111 111. 11
IV. 1⁴1. 011111, 1111118111. Dar 1111111111ἔί 1111111111) 61
81111111 811111 111 181111 11101111 11111.- 111. 1111118112,
18112 1118111111111 11111131· 1111111111 111 11111111111131-
,111111 111111. 8111 11111 1111. 57 :anguinum 1111111111 811111-

 

