244 Luam 1111111111 111 8111111191.

111111111111 111 111111 11111111), (111111 111 synodo 111 81011111
111111111 11111 111111 1261, 11 1111111111 1211 111 1111111111
1287 1111 111111111111311111111, 111111 11181111111111111 ihre
1111111111111111 1111111, 11111 11111 11111111111111111111111111
(resp. 1111 1111111 1111 1111111111 von 111111) 111111111111. 111111

(1111111111111111111, 11 11111 1111 111 8111111111 1111111111
’ 111111111 1111 111111111111111111. 11111 1111111 811111 111 111
1111111 1111111111111111111111 1111111111, 1111111 1111 einer
bestimmten 11111 111111111). 1111111111 1111111111111011111111111
111 zum 1111111 (1111 111 1111111111 1111111111 1111111111 111
11111111). Die synode von 0111 111111111 111111111111111111111
1111111111 111 8111111111 111 1111111111111111, 1111111111111111
strango 1111111111111111111111 111 11111111111111. 21, 111111
11111 1111111111 111 111 811111 111111111111 111111, 1111111 bin·
111 ,1111111111 1111111111 1111 1111111 1111 11111111111111111111
1111111111 11111111. 11111111 11111111111111111 3111111 1111 111-
1111 111 1111111111 111 11111111 111 1111111111]111111111111),
1111111111111 111 (1111111 111 11111111, 1111111111 11111111 111
11111111111111111). 11111111 111111111111 81111111 11111 11 111111,
11111111 1111 111 11111 111 (1111111 111111 1111111111). 8111111111)-
’ 1111, 1111 1111111 111111311, Ieichtfertigen 1111111111111111111 ’

01111111 ’111 8111 111111111111, 111111111111111, 1111 1111111111
01111 1111111111111111 111111 1111111111111 11111. So geschah
11 11 11111111, dass 111811111, 11111111111111111111101111111111 ¹
1111111111, 1111 1111111111111111 1111 jone 0111113111, wo 111
’1111 1111111111 111 1111 11 1111111111111111 11111111111111111
111111111 1111 1111111 Richter und 111111111111111 1110111111
111111111111111111, 1111 111 111 1111111111 11111111811111111111

1111111. Der 3111111 gab 1111 auch 111 1111111111 (11111111
111 1290 11 111 1111111111 Ρ111111 11111111111111011111111111).
111811111111111111110111, 11 1111 111 11131111111111 11111

1) 811111 11 1111111111 1211 (111111,ΧΧΙ1,111), 11 11111111 1111
[Mam. XXIII, 1118), 11 11111111 1211 (Mami, XXIV, 143) 11111 magdeburg
1315(111111, XXV. 123).

2) 81111111 111111 1161 1111310, 11 Ρ1111111ς 1309(111111, XXV, 215).

8) synode von 01111201, 111111111113 1291, 111111 1110 (Mansa, XXV,
815), 1111111113 1015.

4) 811111 11 Presaburg 1309. (111111, XXV, 211).

5) 811111 11 111111 1810. (Mami, XXV, 313).

1) synode 11 1111111111 1322. (Mami, XXV, 181).

7) Mami, XXIV, 941.

 

