111111111νί11 1111111911. 1111111111 11 111 1119111111 (1893). 315

11111111111111111, 1111 wegen 111111111111111111 1111111111111
Degmen 11 Religiensengelegenheiten 11111111 11111111111111111
1111111111111 werden kann. 1111 1111111 11111111111111111111
1111111111 1111111111 11111 11113, 1111 wir 1111 8111111111
1111111 111 0111111111 111 11111111111111111111111111 1111111111
111111111111 1111111111, sehon jetzt gegen 1111111111111111111111·
711111 111 111 11111111111111 Stellung 1111111 111 11111111111-
11111111, 1111 111111 1111111 euch 1111111 11111111111111111111·
1111111111111111131111111111 0111111 eusgeerbeitete 11111111 111-
11111, 11 11111 11111111 11111 mit 1111111111 111 1111111111111 1111111
1111111 1111 ,11 11111111 Widerepruehe 111111. Ι)11 111111111111111
111 11111111 greifen 11111111 11 1111 11 111 Dogme ein, 1111 111 111
11111111111111 der 11111 111 111111 1111111 11111111111111
1111111111 11111111 111 11111111 11111111 1111111, 1111 die 11111-
111111 1111111 111111111111 111 Ehe glaubt und 1111111 1111 (1111111
regelt. Der Vergleieh 111 111111111111 111 mit der bfirgerliehen
1111111111 ganz effenkundi'g erseheinen. 1111 1111111 lehre 111111
1111 1111111111 111 (11111111

1) 111 1111111111 (111111111111111 11111111 11111111 eoge-
1111111 1111111131), welches

b) 111 11111111 111111111111111 111111111111111111111111111111
1111111111 311111, 1111111111 111111111111111111111111111111 und
811111111111111111111111 111 1111111111111111 111 111111111 111111
1111Ηί1111111 1111111111, 11111111111111111111 11 regeln 111
111111111111 111 1111111, 111 (1111111111 111 1111 111 111 111 111111
1111111111 111111 11 1111111111

1) 111 1111111 111 111 1111111111111 111111111111 11111111,
111111 regelmeesige, 11111111111111111 111 8111111111 111 ’1111111
1111111111 1111111 Seelsorger bildet.

Naeh 111(111111111111111111111111111 hingegen 111 111 Ehe
11111111111111111111111111111111111, 1111111 11 111 1111111111
11111111111111111111111 111111 11111 1111111111 11111111111111111
111111111111 1111111111 111 111, 11111111111111111111111111111
111 111111111111 111111 111 1111 111 (111111111111111 11111111
1111111111111111111111111 Ρ11111111 11111 1118111111. Mege
11111111111111, 1111. 111 1111111111 1111111111 111 111 111
111111 1111111111, 1111 111 111111 1111111111, 1111 1111111111111111-Ι
111111111 111111 3111111111 Orgene erfelgen‚ die 1111 111111 111111
111 1111111111 Bedingungen 1111111 1111 1111111111. 11111, 11111
111 (11111111 111 jede giltige 111111 (1111111111111111111111111

Archiv 111· 1111111111111 Lxlx. 23

 

