111.
111111ῐηὶ111 111 111111. 81111131111111.

1. Die 8111111111 111 111111811111131131311111111111111118111113111111131-

1111111111111 1111111111 1111111131 desselben 11111811111131111111111111,

11111 1113111111 111 (11111 111 011311131111111111111111. - 1111111 8111-

ficium 11 ninom 8111111111111111111 11111111111111131111111118111111311111111

1111111111. - Die 1111111111 1111111111111111111111111111 0113111113111113
111 pro praeterito 111.

(111111111111116. Juli 1892, Ζ. 220.)

Das 1. 1. 811111311111 111 1111 111 111 11111 189231-
11131111 1111111111 111111111131111111 11 111 111131 11 praes.
16. Μ1111 1892, Ζ. 62,111 811111 11111, 111111111111111111111111
11 1111111113, durch Dr. 111111111311, 1111111111 Ρ113, 31311
1111. 1. 1113111113, 11111. 111 1. 1. 1111111111111 111 1111111111
11111111111311111111 8131111111] 111111111111111 11111. 1. Μ111-
sterium 1111111111 und [1111111111 11111111113, dom 1111311 111111
14 Tagen 111 1111113111 1111111111 111 1111111111] l. Sept. 1888
11111111Μ111 1892 11 (1113111113111113 111 8111131111 1118 fl.
92 11. 11111115 01, 211111 vom 11131111111111311131 111 111 (11-
111111111111 im 8111131 111851. 1111111111, 111111 ihm vom
1. April 1892 111 0113111111 11 dem 1111111111131 1111709111
11311111, 11 111111 11111111 11111. 1. 1111111111111111011111111
911111111111111111113, dem Κ11311111 111111 ihm 3111111111
congrua 1111111111 790 fl. 1131131311 111 111 111 11111311111
1111111311111113 111 111 1111111111 111 811111891 111111111111
1111111111111111 sich 1131111111 Β11113 111 111 1111 vom 8. Mai
1891 111 1111111 1892 1111111 5010111111 vom Klagszustellungs-
1131 1111113 11111111 111 1111111311 1111111111 11 11111111, 111111
ihm vom 16. 11111 1892 11 1110113111111 1111111111111131 von
70011. 1111311111. Μ111111 11111111 81311111 11111 11131111·
31111111 111 1111111111 Ρ1111111ο1111 313111111131113111111.

arande.- 111 111 vom 11111131131111111113111 zum 1111111
111 1113111113 111111 congrua auf 111 11111 111 (111111 v. 19. April
1885, R.-G.-Bl. 111. 47, 111 11111111111131 8111111311 111131111111
Η111 111710111111111111 11111111111111 111 8111111111111111-
1111111111 1111111113 111 111 1. 1. 1111111111111 111 811111 111 Un-
11111111111111111111111131111 12. November 1881, Ζ. 211155,
11111111, dass 111 1111111111111113111 11111111113111111111111-

 

