1110 italien. synodon 11101100 Ρο1101101-80011100. 231

110011111101 1101101 (100011) noch 11011010111111010100111101901
1018010100 100 1110100, 110 jn 0001101 Gnade 10111101010110 001
1101 Art (101 10001011οη01 101101101110100110101 sind:

l. 0) 111111 (101Ρο1110101 101 100110101010030130001101, 00
11111, 00 lango 110 (101010000011011 1111111, 11 dor 3011111101οη-
provinz (101 1101100110101001. 1110 00011103100101 1101101 aber 00111
ihren 001011001001 Besnhntnern 001101 01 0110111011- 0111 1001101011
111 01101 11110101 101011101 und 0010111101 010011οη1011 1101100,
10101001101 010 011 ihre 1100001101101 110 001 1101101 111010 0110
101100, 110 010 100 (101 1110110 101 10011010 011 101 anderen 801-
. 1110011111οο1011010110 1111100, 1101010101, 111101 1111101101,
00001111101110110 01010111010,11001010 101 Ρ101110 101 10011010
1101101, ipso 10010 011 111 11101 101110101 001 01111010111111
0011010. 11011101 010 0101111011 010 0011110100 0101111011101100 ,111
10101 1101101101 0101 110111 01101301, 00 101100 ipso 10010 nngfiltig
und 1110 1011011101 werden 001101 ipso 10010 010011010111.

1) Wird (11Ρο1110101 genennt 0101 01111101 11 (1011011100,
00 0011011101101101 011 0110 1110 1100000101101011011101110101
011 0011110101 1111101,101101,10101 010, 0110 1000811010 und

unbnweglinhe Ηο10 001110100. 1110 0111110101 (1111001101 zum
1101001 der 1111010100 1001101001100111. 110111001101001 001 dom
Pntrinnchnlstnhl mnss 101 10001 und Kainon 001 Verfolgung (110001
1110110 11110001. Βο11111 01101 101 11101101 111011 01101011 (101
1100110, οο 1000101 (101100110101110011 dritten Tago 1001 11101
1111010010 0113001011 werden. 1101010001111011 dem sacrilegus etwas
10110011, 1011010111 0101 111 101 0101 00101111, 101 ipso 10010 01001-
10110111. 11011 1111113, 0011 10111110000111001011000011110101111
0110101 0111 010 100100101100 000100.

1111111101 Ρο1110101101 01001 10100 10101101, οο 1110001
die 8011103000111001101011010000 1011110100, 100 11011010 irgend
11010100 1101001101 11010101. ’1001101101101110 001101 1111011011οη
1111011101οῃ 001 00111101018110101 101011 werden.

2. a) 11011 011 31001101 (101Ρ101100 Aquiloja gesangnn genom-
11010111, 00 0101 1110111000111101101101111011001101 1110101 01
01101 11011- 011 1010110101 11101 (11001011011010 und 1011101101-
101 11010001 01001101101101. 11101111000010010101001101 31001010
011 110 11110000, 11 10101 30101301 10101101 11111, sind 1101110111
110 zur orfolgten Befroiung 001 801101001101. 1110 3010111101, 1110
0010110010113000111101001 101011100000101101110001 1101101 (1101

ι) 1000011110, nno—434„

 

