3133113311333311131131333333311313 und ecchlr'chc Pflichr. 19

3131113333 313 dieser Phichr durch einen Beneficiuher 3131 33111113
3333333133 (1313113133 3333311331 313, 3131313333 Ι11333 Ρ11311
331313113133111133, 3333 heiu 33333133131113331 313131131311331
3133 813113331131333 1313131133113313.ι Eine 11313131131331311333
1131 313 14. December 131313 Ρ31133313, 331 9. April 1881 13 Claram.
331 3331 13133331333331 313 9. April 189313 1313311333. 1331
111333 1313333 333333331331133, 131311113 333333113131133311311333
uciche: Eiue Nodhueudigkeih 331 3133 3333313313 11333313. Aher
1313311333 31311 3133331333 1133313313 133 33333133133 11331133,
1333 11313 1113133331313313 31311 1333333313 331311311311 (133133,
aber 33311131 1311 11333 3313333 11333111311311311 31311113 Weseu
des (13331333331131113333, 331311 1133 3113 33331 33313311313313-
131131133131133 11133333131133 131, 3331313 13333 per 33311333, durch
ducrere 1133311313313 1133311313, 3331 mih 133331133 133313331 333·
133, 331333 3133131 113 (1311333133 31133133113133 Η13133313333 3331
133 8113333 133 33331311313311333111311333 zu 1333333. (1133133113
331 131331333331113331133 11333313 recht 3131333 33 heuheu, 31333
man zuvor 133 1113333 113333 (13331333 3313333133.
113313113311331033311 zuhlr 33 dem 11133 31113133 0113113
3333311313333, 133833133133331113333133 Phichten 333133133313-
33131331, 3131 3133 13331313 3333133133, dass 3313311113331133
13113313113333333, 1133111311131311 und 131111 1313311333
3313133113313131313113333113. 1113 Bliek 33111333 Ρ1131133 33131,
313 13333113133 313 13 31133113333 Ρ3311133 3131. 1331113 1131-
33131133333 133 03331333113333 331333 331 11333 Versehiedenheid
hin. 13 133 13111333133313313311133333 31311131311133 Messe, welche
113 133 Volh epplicirt 3111, 31313 33333333. Nun 333 33 111133
Ρ1333313333313313311131 331331 31133 3313333 Ρ1131133 33 3331333,
3333 313 3331 3331 1131111333 133331133 113 1311133 Messe 33 singen
131133. 1311113133131313313131 11113333 113 (1333131311, 1333
113 Ρ131333, 313 31133 3313333 33 313 3331311133 1313313333333 33

33311333, 3131 13 133 Derhringuug der Psarrmesse durch 331313 .

Ρ3133131 333113133 hiessen. 131 113 Frage des 31331313, 31 3133131-
311131331131313 (1333131311 313 3133 333331331 3331133313 11133313 ,
333333133 331, um die Celehrchiou und Applicatieh der Pherrmesse
ciuem 3313333 Ρ1133131 331131133333, 3313311311131.(1333333311333
11313. 131 113 3311313 11333, 31 11333 (1333131311313113331331333
333331313, 313 113 1311331333 333 (133133 33 3331311311, 33131313 3133-
13113113 311313331313133313 Nun expedire (8. April 1891).

13 131 Thau, 111 1131111311 der Sacramentespendung 331 zum
'Pheil auch 113113 1111311 131 Ρ131131 13133 33333131331, 3333133

22

 

