Oerrtiche K'r'rchehrrmlayen. 895

111. 21. 11111111111111111111111111111111111111111111110111,
11 1111111111 Fh'lialeinwohner, 11111 1111111111 11111 1111111111
1111111111111 111 611111111111111111 111 11 1111111111111111111
1111111111111, 1111111111, dass ihre Beiziehung 111 11111111111111
8111111111(11111111111111111 111 1111111111, im 81111111111111
11111111111111 ’1111111111 1111111111 1111111111 11111111. Das
11111111 111 1111111111 11 11111111111 111111111111111111111111
111111111111, welche der stratheren 1111 11111111111011111111111
111111, 1111111111 durch 111 811111111111 1111111111111111·)11111
111111111111111111111111111111111. Die 1111111 1111111111 1111-
1111111 kann 11111111 111 10 1111111 111 11111111111111111111
111111111111 11111111111111.1 (111. 884).

»11111 einer 111111111111 1111111111111111 war, 111111111111 11111111111811111
»11111111111111111111 11 111 111 11111111 8111111111111111111111111
111111111111111111 1111111, 1.Ι Β. durch 8111111111 horreariorum, 11111111
»1111111111 1111111111 1111111111. Wenn 1111111 111. 1111111 111. 9. X 1860)
»ihre Kinder in einer 1111111111111111111 111111111111111, so sind 111 dem
»1111 1911111 111111111111 111 111111111 11111111111111111111111111111111
»1111111111 11111111. Wohl 1111 1111111111 111Κ111111111111 1111111111111
moin, 11111111 1111111 111111(111111111111) 1111111. . ,11111 11111, Κ11·
»1111111111 11111. 1111111111, . ,11111111111 1111111, 111 (1111111111111111111
»11111111111111 111111111111111111111 1111111111

11111 211 1) »111111111111 111111; 81111111111111 vird 11111 111-
11111, 11, 111111 8111111111111 (G. 14. v1 1887 Δ. 741111. 49) 111 1111111111·
11111111 1111111111 11111111111, 111111 11111 11111101111111111111111111111111
111111111111 11111. 11111 11111111111111111, 1111111111111111111181111111111111
1111111 811111 1111111111111111111111111 1111111, 111111 1111111 11111. 811.
(111-Ε. 26 111 11111111. Β. 1. K. 11111111 111. 26 1. 88, 1111 111. 1011 Eine
Verhheilung 111 1111111111 1111111 1111 111 1111111111611111111111111111
dem 8111111 1101111111111

1) 111-ο. 11111. 11 111. 111111 11. 111 1111111 »1111111111
»11111111111111111111111 111 1111111 1111111111 (1111111111111111 der Be·
»111111111119 1111111111111, 1111 111 111111111111111111111 (111811111-11111111111
1111 111 1111111111 11111101111111111111811111111111,111111 (1181111 1»11
»111 hagel« 11111) 1111 1111111 111 111 1111111111 (111 Psarrkirrhe 11111111·
1111111111. 011111111111111111111111. Ι)111111111180.ΧΙ118091.611. 14.
1181111111.»1111111 aher der 6111111111111611111111111111111111111-
»11111111111111 8111111111 111111111181111111,11 1111111 11181111111111
»11111111111111111111 11111 11111111111111, 0111. Κ111111. 1. 8111111111 1881
Bd. Π S. 293, 111. 1111111111 111 111111. 11111. 4. Xl 1857 Ρ. 8886. 1111 01111111
111111 1111111111 sind 11111111111111 1111111 1111111111, 11111111 S. 132. »Psan-
111111 6111111111111, im 81111111 bad. 611. 26. VII 1888 Α. 1 111 1111 111
1111111111 (111111111111, 11111111 111 11111111111111 Vertreter 1111111111111-
11111111 111 1011111111111111, 111111. B. 11111. 1126 11111111111111111, 11
’durch 111 8111111 1111 11111111111111111111111 (Ο11111111111)111·111111111-

 

