236 ’ mamm, 111111111111191.

11110111111111110 11111 0110111111111. Wenn 111 nach geschehener
1111111ςεί11 111111 11011111, 101111 111 1111111111 0110111111111111 ξ
1111111111 1111111, 111110 111111111111.

111. Cap.
011181111111117101 81111101.
Das 11017-81111119.

g. 1. 001 8110101, 11111111 11111011 8111111111Κ111111131111 111-
1111111301, 11111111 8111111111 111101111311111111, dass 1111 111
111 11111111111811011111111111111111 1111111. 80 11111110 1111111191,
111 8011-81111111 1011111110 7110111111 111 synode 101 ’10111
, 1163 ι) 11111 1111111111111. 11111111 (111.10); 17111 01111 111
81110111111111 11111111, 1111 1111 111 8011111 1111111111 11110111·
gut 11111111, 1ο 11111 11 111 811111111111 1111 101111 81111101-
trater 111 81111111 11111111. 1111111111111111, 10 1111111111
Verlauf von 1111 Tagen 111001101111111 1111101111 111 1111 111
1111111111, 8111111 11111 111111 11111111 1111111111. 1111111111
1117701111 1101 1111 11 11 101 11111111 11111 111 1011110111111
’111111 111111 11111, 111 10111111111 8111101 11 haben. 8111111111
Burgleute nach 40 Tagen noch hartnackig‚ 10 muns 1110111111 111
8111011111111111. 11111111 110 8110101 101 80110111 1255, 101
001111 1255, 101811101258, 101111111011101 1258, 1111111111

· 1263 1111111111101111111111111 11111 111 7111111111 111 111111111-

guts 1111111 101111110111, 110111111111111 10111111111111111111,
1111111 ipso 11111 011111111111 8111111111011101 6111111111, 11111191
111811011 111 1111111 12581) 111 1111111111 fiber 1110111111 111-
1011101 8111111111111, 110 111 Monatlang 11111 811011111111101
1111111111. Das [11111111 11111 1111111111 111 synodon von Cognac
1262 ⁸) und Compiegne 1270⁴) 11111 111 allodio 0111 1111110111,
110 1111111111 Κ111111111 11111 11111111. 11111 111 0111, 110 111

8101101 11011111 111 sich vorabergehend 1011111101,1111101 1111101 ,

8111111 101 0011111110 1270, 801111 13181), 111111 1368 ⁶) 11111- 1
dicim 1101 1011011 111 101111 811010, 11111111111101111 1111111 )
11111111111 8111110101 »publiea 1011111111111111.« Das [11111111 1
11111 111111 101111 111 111 11111 11111111 81101111811110112801) ’

111111 011, 110 111 0111111111301011111, 11111111011111181111101 I

1) Μα1111, 111. 1178. - 2) 11).. XXIII, 878. -8)11., XXIII, 1107. -

4) ib„ mv, 18. - 5) 111, XXV, 680. - 6)11)., XXVI, 528. - 7) 111, XXIV.

1068.

 

