011 1111101111111 31111111 11111111 θεαὶ-31111119. 237

31), 61), 1011151) Tagen 111 111 3111111311 111 8111111311,
1111111 11111111 111 111 011, wo 11111111 11111111 111. 11111 111
311111 1113111111 13181111,1111, 111111 111 11111111 geistliehen
Richter, 01111 1111 Ρ11111111111 311111111111111 111Ρ111111111
2111311111111 2111111 1111 durch 11111111111110111111111111111
111, 111 1111111111111111110111111011, wo 111 Τ111 1111111111 111,
wo der 11111 1111111111 1111, 111 11 111 1111111 1111111111 1111
11111111111111 011 11111111 111 111111111811111 11111 1111111111
1111111 111 1111111111811111111111 13001). 1111111 111111
jeder, der von 11111111111111 111111 1111 1111111111111 1111111111,
11111111111 111111 1111011111 311111111111111111 1111111111 1111111
111 111111111111111 01111111. 111111111111111 111111111, 1111 1111
vorausgegangener, 1111111111 11111113 111111111ῃί11 111 11111
1111111111111111111111 11111111 11111111111111111, 111-311111111111
1111111. 31111111 11111111 Monate im 31111, 1111 1111111111111
111111. 1111311111 111 14. 111111111111 11111 auch 111 211111·
11111113 111 3111111, 111 111 111111 311111111111111 11111,
11111111111111111 011 311111 111111111113031) 11111 11111111
11111 8111111111 111 3111111113111 1111111111 3111111113 111 111
11111111111111131111011011111. 111111 111 1111 1111 1111111-
111111111 1111 1111111 11111 111111 11111 11111111111311101111111·
111111. 01111101111 1111 1111 111 111 31111111 Marciae 13201)
winderholt. 011111 111 1111111111111 81111111 1111111 111011111111
auch Massregeln 11111111 Unterschlagung 1111111111 11111111111111
81 111111 111 3111111 111 11131111 12701) 1113111111131011111
11111111111111111111 111 111111 mit Excommunioation, 1111 111
1111111111 11111 1111111111 11111 111111, resp. 1111111111111111111
11111111 (1111 111111111111811111) auszahlen. 11111111 111111 Legata
ad pias causas 111111111111111111 Tagen dem Psarrer vom 111111
1111 111111 1113111111, so 111111111111111111111811111 11111111
128511) 111 311111111111111 ipso facto, 1111 111 Synode von
AvIgnon 127811) 1111 111111 111 31111111111111111111111111111
11111111 11111111111111111 werden.

1) 8111111 111 11131111 1219111111, XXIV, 232).

2) 8111111 111 11131111 13201Μ11111, XXV, 118).

3811111 von Avignon 1320.

4) 8111111 1111111111 1308.

5) Mami, XXIV, 1225. - 0) 11.. XXV, 111. - 7)11., XXV, 180. -
8) ib, XXIV, 10. 11111111111111 1111112821111111111111131111111111811111.
(Mami. XXIV, 407. - 9) ib.. XXV, 304. - 10) ib„ XXIV, 582. - 11)11.,

 

