rpflichlurey der Psarryer'etlr'chkee't 9111 9991199119 9199991119. 13

r Κ11919, 19199 Ρ19119119919191119119199191911191, 19191191191
rr, an 89119- 1191 1991111999 119 1. 1119999 111 199 119111 9111111-
919 oder 91 11999 1111911 9111191919 1191191 9111999, 9911911919
S. C. C. 9111 21. November 1801: Negative 9191191919 9911919,
11991119 91 secundem. 19 19919119 9191 11919111 einen 1911, 19
m 9191 1919119 119 (1919191911 9911119119119, 1999 119 Vicere sich
1 1191191 91199199 und 919 991919 119 1199999991911199, 1191119-
11111911 lag 191999 911 19911911111919 111 (1199119. 19911 19 919991
1119111 19119 119119919919191119919119191911 9919119191911191 ge·
9999. (19911111111191111. Lim. am 18. Juli 1189. 1119191191-
9199 Benefieieten 191199 919119191991 119 11919119111119 19 191
99199199 1111119 19 9919 191 11991199 91911991119911919199199
’1911919 ihre Messe 1111 199 119111 1911). 1191911911 991991191 1119
1. congregation 19119119 191 9199911991 11991919919999199 09911199
9 1119111921. 1191. 1801. 19 9119919919 9191 9119 (1991999 199
111999999191, (1911999199911, 11991991999919 ms. 1. 1191 19919119-
91199119999111911. 119999 919 991191 9119 sacramente urrebhengig 191
1911191111191199199 11911919 9999199, 99 lange 919 9191199191191119
Zeugen der 1199911199991999919110911911111999. 11119. l de
1191), 9191 919 91911 Ρ191191. Zudem 191 199991919191991199911199,
1999 119 11999 199911999999(19119119119119111119911911 91999Ρ1911-
191111199 119991 991 1999 11991119 9199 99 large 919199911911 199·
selben thetig 911999199 91111, 919 199 (1999911911 9191119119999 191.
Um 9191 119999 1911919 zu 111199, 991191 99 11911, 99 9919911191 119
1191919 1919911921]υηί 1751, 1999 119 Sacramenta gespendet 1191-
demde 1199 durch Privileg 9191 Verjehrung 19119919 9911 1999 1191
11911 9911199119 demus die parochialem 991 9199911919 Seelsorge
hervorgeht. (1911111119. 9191118611). — 1191 119 (1991199, welche
1111191911119 1119199199 111119 1199999 99911199, 9191 111911 ge-
1911991111199911991991911199 Opfer 19 9991191199. So 911111119119

1191919991199191 1111911 1919 1111199191 199 Quebee 91111111-
eember 11111.

11111919111911 9191 111119 99 919111191119111 11191999, 9199 (1919191911,
119 9199199119111111199 191911911999991911999, 111999 9191 19 1191991911191191911
1911911191. 19 (19199119. 991991191 119 1. Congregetion 9111 111. December
1820 91191 111911 11199199 1191 (1999911919, 11919199 119 Serge 11119199 Ρ191191
919 1991911199 91199, 119 9191 119 99199119199199199911191911991-01119199
1191119991. Die 1191 19111991199 Seelsorger hatten 999 (1999191911 1191111911,
11919199 11 9991191199 991 9191 genommen 991 119 S. 0. (1.91119991911999
119919191911999 919 199119911113119. 1919111911 91911 je hier 9119119919-

1999911119 1199911111 XI V. 19 9911191 (1999111911911 »Cum semper« 15. 191·
11 1.

 

