Preun. (111. 1. 21. 1111118911 1111111 1111111111. 111 11111111. 473

Religion 11 11111111; 111111 1113111111 11111111111111111111111-
dings 111 111111111111111 11111 111111111111,,1111 11 11111 meist 11
1111111111 111111, 111 111 1111111 11111 11111111111111111111
1111111111 11 1111111ς 11111111 fclgt 111 111 8111111111111, 3111111
encgegenscohende 1111111111 111111111111, nicht, 111111111, 11111111
11191111 111, 1111111111 werden 1111111, dass das Κ111 1111111111·
1111111111 3111111111 1111111111 1111111 1111111 111111181111111111111
(1111111111 1111111111. 111111111111111 11 111111111111 1111 111
11111111 1111111, 1111111 1111111 111111 0111111111111111111111·
11111111111111111111111, 11111 weil 1111 111111 111 111111111 111
11111111 1111111111111, 111111111111111111 111, 11 1111111 11111
111 1111111 11111 1111111111111 1111 ihre Mittor cherstcigenden
Geldcpserc‚ oder 111111 dem 11111111 1111111111111 1111111111 bei
111111111111111111 11111; 111111111111 1111 meist 111111 fibrig
111111111111, 111 111 111111 111 dem [111111111111 111111111111·
deren confession angehcrigen Sclrule 11111 1111111 11 111111.
11111111 11111, 1111111111111111111111 11111111 1111 muse, ihre
Kinder 11 111 1111111111111111111111111111111111. Mic 1111111111
111 11181111111111 1111 111 11111111 1111111111111, 1111 111111
11 111 1111111111111111111111 11 11111111. 111 ee 11 1111111111
1111 11111111111 11111111111 gibt, 1111111111 111111111111111111111
111, 111 111111111111111111113111111. Nur kann durch 1111
111111111111111111 1111111, 111 11111 cccccccccc, 111 111
27. Juni 1886 geborcne Heinrich Wermere, 111 schulpflichtige Alter
11111111 111, 1111111111 Verfflgung. 111111111111111111111 11111111
111, 1111111111 1111111 vorgeschriebcn werden, 11111111111111111-
111111 811111 11 11111111 11111, 111111111111111 11111111 1111111111-
11111 811111 111 1111111111 1111111 werden. [11111111111111111111
111111111111111111111811111 werde, 111111 111111 11118111111111111
Gcncgc geleistct 111-11, 11111111111111 111111 1111111111111 1111
11111 111111 111111111111, 1111111111111111 1111111 111 111111-
111111111111111111 durch die 11111111 sich 1111111111111111111-
geben. 11111 1111111 111 11111111111 Religionecntcrricht 11 11111111
111, 111111111111 1111111111

Ἣ

11111111.
lum 111111111111 111111111111111111111111111111

1. (111111, 1111. 111 1111111 im 111111111111111111111111111111111 Kirchenge·
11111111 111111 (1111113111111111 (111 1111111111 Rechts.

Wir 1111111111, 111 (111111 (111111 Kenig 11111111111 111.
111111111, 1111 Zustimmung der beiden Η111111111 1111111111 11111111
1111111111, 111 sorge:

111. 1. 111111 Geltungsbereiche des 1111111111111 Rechts geht
111 1111111 111 1111111111111111 111 111111111111 Pserrgemeinden
111 111 crdrrungsmcssig 1111111111 Ρ111111 1111Ρ111111111111, im

 

