232 1010010, (1000110110 100 3000011090.

000110000 0110 1100111010 10100, 01101100111010000100111101001110-
100, 3000110100 0011000100 1101000000. Jede 0011000 301001000000
101 ipse 10010 00011110 001 110 100101100 0101 ipen 10010 000000-
0000110101.

1) Wird 0100010 3100101100 3000100 00111101 0100 011011 00
im (1011000100, se 10111 810010 010001 11 010, 00010001001001001
100 1000100, 1110100 010. 001 100 11001000 100 11110000 1000101011 101.

0)11101010 310010110101101, ee 0101 110001 100000100οη ’
100001011100 001001001100. 11101 00 0100 00000 1001101110000
001000 1110010 0100 1001110000 100 110010010110100 (10001110110000
000 0010οο81011 0001010100, 00 0010011001 1100081011 ipse 10010 dene
101001101001 0110 (1000010, 0111010100 001 001000, 110 10003011,
Hirro, 3001000110οη0 0000110100, werden excommnneiri und dies 00101
110 00 001010100 801101001100 en 01100 800010οο0 10 0110031001οο 100
1000100 0001010101.

3. 11000 010 111, Prior, 30000110011110000, 30000, 300-
00100100, 3100000, 0000011000 00100000 0000000000 0100 00111101 0101,
0100 im (1011000100 011011, eo 101 01100 00 1001001100, nee 10 3010011
100 31001110 gili.

4. 11000 0100010000 1110011001οο 3000100 00100000 0100 00-
tenter 0101, ee 0101 110 sacrilegi nemini 11000 0000011000 10 01100

11100100 100 11110000, 001001001000100 0000101, 00 01100 Senn-
0013010010000 101001101 010 excommunione 00 0001010100. Der 001
001110 30000110, we die ’1101000010100 0100100 3010010010 00-
100000 00101100 0101, 0101 interdiciti. 310000 Cenon 0101 00101000
1819 0100100011010010100100 800010 0101001011, 110 3001100000οο0 r

00130014 0100 werden, »enm 0101000000100011,0 0010010100
001100 10010100010 0010100 31110010 100 300000000 100 einzelnen
31001010 00010111 310 0101010 Tendere, 01001101001111000100100011-
110100801010100110000, 000101000 110 8000100 00 3000000 001
30000000. 11001 00010000 00011111 1000010010 100 3000000001001100, ,
ner einen 3001100101 0100 310010101001001011, 0010000001000010100
00100000 0010000 11001, 0100 10 (10100000001011101100 11001. 3000101
01011110011101 10001101. 80100 30001110 0101 10100110101 110 00 00-
1010100801101001100. 30 001101, 00100 81100 001 3010010101 1010111 i
1103010000ηο 1010011101οο 31000 001 300010100 001 000110000 0110
110011101οο 300110, 31000, 101000013000110100. 3100 000000οἰ111,
10100100 1001000100 000010100101, 00011111 dem 101001101, ereren 4
010 000101011101 000001100001 1010100 110 01011100001011 01000 1100010
0001 300010100 100 Thai die 8010111000 10010011 1100100010100
0100 werden exeommunieiri. 1100 01000 Ant, 31001110 0100 0000011000

 

