13113331313313331133331133133 11133333 (1331. 107

113133333331331131331311. 1333 33313111 113 333333 13131311 133
1131333133 113 1333133333, dese 133131 Ρ111311333131333333, 13113 313
333 133331311331338311133331 33 313133131133113133 3131113133,
an diesen 3331131333 31313333 8111333313 33 313133 33133; 1333333
33111333 3313 1133333313, eber 3331 11333 31311133313313313, mit
81133333131311131311, 1113 3133 1313311333 133 1133111313313331333-
31333, 313131 133 333311331183131333313333133333 13 1331131333 De·-
3333133 3131 jedech 33333 13133333311311331333333331111333,313-
wohl 3333131 113333 33 13311311133311313331338313133113311333133
113831311 beizumessen 131, (311133 3113333, 133 331333311133 11113133
13383313313333331111333133, (1311- 31331331131133133133 'mih 31133
13133113133131111331 gemacht, und die 11313333 333133133313

. gebracht, 1333 133 13133131 3318331333333 333113 Η13133113311

(133 1313133 ihm 333 1331113333 33313313333 13131133133131313333,
1331131313, 133813313331131 3. s. w, sich 3313331333 haben werde.

1331 1331130311333131 muse 113333131313333 1333133333
um 3ο mehr heipflichten‚ 313113 1. 1. Schulheherden 333 1311313331333
133 deorgenennten 8133133 heum ihre 11313331113333 13 13331311 3131133
313 en.

’33

1133311 333, 133133 Verenstehenden (3113311311133 3113333θί333
(1331311333 331333331331, 133 83131331133113331 13 133 (1331331111-
3331310333333313131 werde, 13131 1331. b. 03113331311313331333333-

1. 13133133 Η33333 8331333333, 13 133333 1133133113 3131
313313113331331313313131, 131 (3111131 13 113133133333 33 3311333,
welche M'assnehmeh 333 Η313333 133 3333113333· 3311331113113133
313 euch 133 3331113113133 8313133113311333133 sich 313 3331133131
1333131133 331 131 1333111331313311331331333133 1331111313333 ohne
8313133131311 133311113133 sind.

2. Die 31333331133113133133313311133313 331 1313313333333
3131, 11311113 Ρ3311, 13 31333 113( 331 113113 3313113333 033-
313331133 33 133 h. 1. 1331313331313311 mit 1331133313333131133,
133131311133331133 (133 Sinne des ξ. 5. 3113335 133 (13331333 vem
14. 1131 1869 133 33133313133133 83131131133333 33 3331313133 331
selben 113 Ρ 1311 133 [131333331333133133331 131 dieser 1131131333-
31133313 1113333333 33 1313333.

3. 13 133 11131131 33133 (33331333313383131-133331333131
131 133 1131311 »831313333331 1333 33 1333133133, 333 1133133131131
331 mit welchem 11313133 33 (133 betreffenden Schule 3133311131
3333133331.

1133 f. h. Ordinariah 3131 3313333113 31311 3333333313, 133
k. h. Landeeschulrahh um 113 1111113113331333333331311333 Ver·
3113333313131133 en 3133111313 1. k. 113313133313131113 331 um die
33331313 1113133333 133 13 11313 313133133 (133333133133 zu ersuehen.

 

