01111111 111111111111119111. 2119

811111111111 1111111111. 111111 Genohmigung kann 1111 1111111111
1111111111111111111 werdon, 111 111 111111111111111111111111111111
1111111111 ists

111. 111. »1. Boi der 11111111111111111111111111111111 11111-
1111111111 Κ1111111111111111111 1111111112 11¹) 11111111 11111
11 Α. 12 111111111111111111111111111 1.1111111111111111111111111
1111 1111111111, 11111 die 1111111115 11 111 100 ,111 (1111111111111111

11101111111111 1111111111 1111111131111111111 111 1111111111 811111111111111111
111. lvio 1111111113 einer Ueberschreitung 111 regelmfissigen Hbchstbetrags
1111111. 11131111) 111111 1118111111111111111111111, weil 111 1111111111
1111111111ιὶ1 1111111111111111111111111 1111111 11111111111111 111111111-
1111113, 111 111 1111111111 111 1111111111 (1111111111 1111111111 1111111111.
e) 1111111 werden 11111111111131111-(1.111111111111111 (1111111111 ,11-
1111111111 [111111111111311 11111111 111 111 (1111111111, 1111111 1111 111111
11111111111111· 1111111111. 11111 111111 sich 111111111111 ι111111(1111111111111131
111111 11111111. 1 Dr. Fr. 1111111111, 1111. (111·(111 2. 1111. 1 ‘ael-265). 111 111
in der 11111111111111111 11 1111111111 (1111111111111111 durs 1111111111 11111111-
gemmea in Wfirttemberg ((111. 14. vl 1887 A. 68) mehr 111 111, 111 8.·11111111
(Prima, Veri-R. 334 ,1. 59) 11111,111 11111111111111111111111. 111111 111
11111111 11111111 1111 1111111 (11111 11111111111111111111111111, 11 1111 1111111
ι111111111111 11111111111 111 (11111111111111111 genna 1111 11111 1111111111111
111 8111111111111111111 1111111; 11111111111111, 111111111111111111111.
11111111 1111111111. 1. 11. 28. »1111 1111111311, snudinga 111 111·
»1111111111 111111111111111 1111111111 1111111111 (11111111181811111111111
»111111111111111111111111111 1111111111111111111111111111 1111111111 ·
»111 111 111111111111111111111111111 Κ11111111111111111111 11111
1124. »1111 111 sog. 1111111111 111111 11111111 1111111111111111·
»1111111111111111 nicht 1111 111 1111111111, 11111111111 11 1111161111 111
»rein 1111111111 (11111111 1111111111 11 111111111111, 1111111111 111 1111111111
»1111111111111-11111111111 1111111 111111111111111111131111111111 kann, und
»1111 11111311 11111 1111111111 1111111111111 1311111111 11111 111 11111111-
»11111 1111111111 111 111111111111111111111111.1111111111( 11.
»Eine Heranziohung der 1111111111,111 11 1111 1111111111 1111111111 1111111
1111111111 111111111111111, 111111111 111111111111111 8111111111 11111 mehr
11111111111111111, 111 11111111 111 11111111111111311111 111111111111 111
1111111111 1111111111111 11 angemossenem 11111111 1111111. 1111 111 es
1111111111111111111, 1111, 11111 11111111111111 (11111111 111111111111 111
111111 1111111 1111111 111111111111 111111, 11 111 11111111 111 1111111111111111
1111111111 oder 1111111111 111 (1111111111 111111, 11111111111111111111111111
111 111 11111111· 1611111111) 11111 gemacht 111111. 1111111111 11111 111111
11111111 31111111111111 31111111 werden, 1111, 11111 1111111 11 111111111111
(1111111111 111111111111 (111111111111111,11 111 einer Β11111111111111111
1111111 1111 111111111111, 111111111111111111111 11111111 11111 11111111111111
11111 1111111 11111, 1111 1111 11 1111111 1111111111111111111 1111111111 ohne
11111111111111111 1111 1111111111 111 111111 11111111
(111·11. 11. »11111 111111 1111111 (11111111111111111, 11111 um 1111
»1111111111 11111111111111 1111111111111111111111111, 1111111111 111 1111111111

 

