52 1881381, 1181. Ges. 1818. 8113888 11881888188888.

wire 181881 181831, 1881888818388 81811 888 118 88881188388818388 an

81888888811111183818111818 188 Ρ188888 8188888118 88818 188 1111888881811818 ³
8818888118, 8881888 8888811181 8881 888 11111883 188 8888811818188138 (in ἶ

188 11818818813818818888 9818818188) 8818188 88188888, 8811881888 8881811883

181181. Ρ18888188 881 981188188888 18 armen (18388188 8188 8. B. mitten 18 “

88883. 88818188, 11. 18 188 »1118888888 118 88881138 91188888888818 (88188 Β)
8181 1838388 8188118811181818818181888883 818 18 88188 818188188, 18 ja die
818818188188388 118118 8118888818118188 8881 iiber 1899 118888 1881188888.

’ ’ 1118888181 8888181881 es 8881811811, 81 118 8188.-1811.Κ1881818881881188111818

1881888818388 818111888 8181) 8888838388388 8181 118 118818 118381 118
Israeliten (1188101181881868 1. 8, Dr. 811818811 Ι. 418) 881 888188 118
8888888881188188888818, 18 1188 »118188 Laud oder 188188118118 bestimmten
1188188, 84 1111118811. 11188881. 88 Febr. 1888 8. 1, 8 8. 9, 1181118188111185),

81811 8818 8888818188. 881181 8888 118 8188118111818 »18818818118188 88 11881- ²

burg 1. Br. 818 118 8188881883 188 9881818811898188818831, 8ο 181318181-

88111888881381888181818 188 8881888883 118188818888188818 9118888888- 1

band 188 68888811881881888888181111818881881883 weit 1188 [1881881181
118888. 88818818111181381, 18888. 811111. 84418813188881 1888881883 888-
88138881881188888881118818 818 188 9118888 118 8881111818 18881888883; 8881
18 Η811881 18111118 8881 188 88188888838888115 18 1181188 (1888181818 »688-
88811318 Pontificio«, 11. 181.. 1181888 118838. 8188818818, 1889, 8. 688, = 08-
188881 (1888188818881 881818811888888181811888881ο 18131) 881188 8188
888 888 188 (1111811388, welche 8181 1818881888-11811118188(18.101818188388
188888, 881 888118 118 18818811811883 881 11181881888181188318811188188-
3811818 881-11881118, 81811 also 8881 118 88881138 0818- 8188 81188888888818
81888888811138 8811881831 888188 118188. 1118118118 deutschen 8181118888 be·
811888881818181111818 8119888188 1118818818818, 818 888881181181811881888,
88 8181 81188118381181118818 8881 818118811888 8888811883, wie 18 88188,
1811811131. 9181188111818118818888883 888118 1181118118 888818, wie 818 188
181. (188818 vom 86. 1811 1888 (Dr. 1818111811 I ’188-715), 1118 11181888888888
Ges. 14. 11188 1880(831.1881.1.11.-11. 118 S. 159) 881 118 888888811118·
88118 188 (188. 88. suli 1819 Art. lb 8111. 9 u. 10 8. V [118 118 Ρ1818, 11811888
111.·081. 1869 S. 888, 1118188 D. 8881811. I 8. 846 8. 891] 8183811181 haben
388131181811 81811, weil 118 (188888111818 bem. 11118888 8198888 1118-
881888 181881, 881 weil 118811888838181818118838111131811188 1181888811818
888 durch 8888111888 8811888 188 1118888 818118888- 8188 [88188888188188 8181
8883181818811881. Die 8181118883 81888 811388881888 1188188818888 88811-
18811318181 8188 18 81188 18181888, wo 188 1818888818 1181818181 88188 888
818888 1181188· oder 11813188818818 (8888181, 1118818811. 1816 S. 884 881848,
1181381, 1181. 81.·11.-11. fl. 17 8. 811), 8881 888 8188188888118888 8188 8188811388
11111818 3818811 8881881888 (831. 1181811883, 11881.-Β.18888883.1881881188188

18 9881811881 881 0881888181, 1888, boi B. ’1811818118 18 Leipzig 8. 398, 894, 1

88, 88111, 488).

Β. 1118 18883883 zum (1888188181 (8. 18 188»18888181818898 vom
81. 188. 1898) »88818881118888181188 88181883181188 1188188188 8888881. ¹
81181888838388388. 8188 8881 118 kam. 1118818 18318181 818 888188888838· 1

»recht 181, 188888 188381811883 88 stello 18881881818181188881831. 81811
»8818818888811888 818811881118188 11818388888118 1816 8. 11) 3881188811 888·
»188 888. - (S. 18) Das 888888. (188. 8. 3. suni 1816, 118 88883. 111881888881.

 

