0881118188 118818888189888. 177

8. 118188 088811881888888881888 8888 88, 1118 mehr 888 8118811818,
aber 81818 88881888 88818818888818888888888388 08818888 88 88-
88188388, 88 8818888 88818 Α88188891188198 88888 1881118818811888
888888818888881118881181 1818888888 88188188. 818188181111888118188,
18888 Einsammlung 8888811181 8881 881 1888188818 8188188888
88181888881188 verbunden 188 1881188 81818 881888 mehr nur 8888888
8188 81881888 1188888, 8818881 8888181188811188881818818811188
8181 8181818881 888181888. 1188818 11188188388881818-1888888888
8818188118 8881188118 88118188 8888118188811188811131. 8. 48)
888188 81818 8888888 durch 8881881188188888888 88888888, welche
(8188 8881 1881118188 188 8188818818 8881188. 1188 1118818838·
88818188 1881 1881811 188 88888888883888818 nicht (1888888888-
181888 8181188. »881188 8888 118 1118818888888181888888188881818888
›Unterordnung 188 8188888 [18118118 88888118 888 (18181118188888-
1888888 1888188888 8188 88811181 81811 1888881888 8818881818 881
»Naehgiebigkeit 88 188 Tag legen, 88 1811181 immor noch 118 Ein-
›ffihrung 81888 8811881388 [1181811818888 (1181881811118818838188)
»und 188 881881888188 188 Staatsgeuehmigung einen 881888, 88 88818
»88881 88 81888188 181, 1888 im 1188188888 88111888181888 111118 8188
»wider 8888888 8818888888 dem 1888811888188088888118188888-
»88188888 88818«,88ς88 188188888198183. G. v. 8888888 S. 10 188
188818811. 881. 18888888 8888888888 Α88881888888181888.

4. 1188 81818 nur im Interesse 188181181881118818888811818,
8881888 8881 818 (1818811888 1188188188 oder yesammckircmow)

188 118188888118111388 18 118118188 118188 88118313 888818, 8818 188 188818818
8. 8811 1875, nach 188888 188. 8 18812 »8188 888 8118818188· 11881 188118·
meindeglieder hervorgogangene 1888888888188 11188188· 881 88131888888881818
888 1118181888 188 188 8888881188 888388188880881838118 2881188888]
8888181188 888888 Vgl. 1188881. B. 11 K. 69; znfolgo 8. 4 u. 1018888 118 881.
11. 1888888881. 188881. Β. Ι. K. 48. 6) 88188 1874 881 8881 18881818 1181
1188111818 88888888883888811 88818 888 11888 88118388388381881888. (8. 188118888-
min »11888811188888888888 18 8888888891 8188888188111587). 1118811838
18888 (8. 18) »118 1881. 1118818 8881 ihrer 1818888888 881 118818118188
1118818188318811888818818 18 8818 11881118188188818888181888.«

5) 11881 881. 18811118 will 88188881. Post· 118. 814 lv v. 21. 1v 1802
»118 88888888818111188 188 8) 118118ὶί888 18881 81888 88888888 jedes
81881888, 8818188 8818888 188 8818181818 1888818888ποί88 88388818888 11811·
»8818888 88 8811188 188888, 1) Israeliten 18881 118 18 1818811888188 1883 Kon-
8818888188, 8) Ρνοι. 188811881118881818811888818888818888118881888818888188
»141818881388818888818818888181888818808881888., 8181181818 auch 18881 An·
88811888 188 (8888111888 1118818188 188 18818838, 888818818188818188188188
»88188888888883811888 1188 388818 888(1) 188118 (181811811811 811113Ι 88·-
»wardone 11818881881 8811888 888881118881181(1) 18881 11181838181818 8888111188

 

