310 0019111001 Pscrrer 1111011011 4111011011 um 111011.

N. 101-1111000113, 1100 h. 1. 1111101011111 01101111001011110111011
011 1111113 001 1010101 0013100 101 100011. 10100111111101010-
3011011101110111301. 00100110 1101010110 001101 durch 001101 Rechts-
110110, Ηο11101. 1717010111. Fcchs, 101 0011 h. 11. 1010103000110
0110 111130, 0101010101 wir 010 101111101110101018101101 11011111
11010010 1111301. 1110001101 1001011

101 0110110 mich 11 00118011301101101·11013110013011113010
0011 110Ιί310101ηο0 10110111, 110011 mir 010 1111101001 11011011. 11
11100010010110101 0110 congrua per 1000 fl. 0. W. 3011111011 111100,
11111010 1111 0011010 0001. 1.·Μ1110101111101111(1111110110 [11101-
110111110110 001010 101 70011. 1101111111 111100. 1111111101ποί1
dieser 11001101011011013 0111110 101111101301000111111111101. 11001
111011 000 01101 1110311101001 80010101101100 000 001311030001101
101120. 1111111885, 111-81. 111. 47 111001001 8011011100 1 haben
00110101110130 8001001301 101 Ρ111101 11 001 1111301113 1114 1101101
111 11101, 1110 11101 011 1101101 01100101001011101 11111011100101,
01101 Rechhscnspruch 111 0100 0013111 pcc 1000 fl. 1111011110
101000300011 1111 11100010010110101 1011 20. Dec. 1800 1111100010
1110110 000 (10110110030110100 001 81001111010111011011110 111011-
30110111, 110 111001101 011 0111011011οο 8101301101 3000101101. Dutch
0100011101101113 100 (10110110030110100 110 durch 110 111101011011113
101 11101001 101 81101 When 111110 11 11001113 001 Ρ1011011..
welche ich 0011 11130101 1011 1010110 1110101110, 0110 1101001113 11-
011011010110130111111, 010 11111011 011310000111011010001 Pham
11001 1111301113 101 4 1101101111 11101 11110301 11011111 110101
011111001101011101301 8001001301 11 001 1111301113 101 4 1101101111
11101111.

Mic Rhchsicht 111 010001 11101010 1111100101 1010011 111001111-
110101 01011011010 S. Ρο1101 011301010011,111 81110000 010101111101
Schema I 000 001311130001100 1101101 Anspruch 111 110 3000111101
101010 1101311011 0110101 110 3011010 1111001101. 1110001 11010113
10011011010, 1010101 11110101 (10010100 00 praes. 7. 80111. 1801,
Z. 5539, 101 001 k. 11. 1100010010110101100101 8111111110τοί 000 111-
010101111 1110101131011010101(1013110 per 1000 1., resp. 001
11110011001111110111101001 1113111113 30010111, 11100 jcdoch 1111-
1010111001011001 1. 11. 8101101101οἰ 000. 0. 001. 1891, 1560118,
0130110001,111 1110111111 001 1100111113, 0001 001 1101101111. 101
001 10101 (10101100310110 111010 mehr 010 4 Μο110101110111001.
’ (1030101000 111001010113 habe ich 001 [1001100101011011011.1.
1111101011111 101 Cultus und 011010011013111101, 111100 jcdoch 0101·
10110 101 1010001101 0130110001.

 

