302 1161961, 06111616 11161666616366.

6661161 1611. Κ11616 6661 61611 61611616616111611611663 (166661. ff
B. 11. K. 11), 6661111611611616616166 661366666366, 6661616 661 ,
1111161661366, 661616 [11616666 66 6116166 3661111131 6161 (111111
11166616666611161 616616161 161661 6166 6161611116 1611666663 6661
1611611. 1116166366616166, 3161611161 61 661616 66 1161163611 1116
16166116611666 1616666 616161611ς 166 11616161 16661 6161161611
66166166166161161616613663 1611661366 zahl der (16661616161116161,
166 6616161116 [1161636661161663 6116616116 66636166 muas, 11616
166 1116166 616 6616161161611616166, 616 ja 6661 116 1161163611 161
bary. (1661616166, 6616166 816116 1611616 161161166166616 6161661
116 111616636616161116166 16116366 16111 116166 661166, 1116161166
61661 66661661 6611616166 1116-1611161663 1611111131 worden 6161.

Ζ666611166666 161 1616 16661. B. 1. 161. 1161616. S. 4: ›Ohne ,
1113661 welche [1666116311611611 111816616161Κ11616 166161116- 1
›reits in 1166163661 3116661661 (1611616 166 deutschen 11616166 ¹
»die Kirchensteuer3 nach 6111661661616 (1166166116 (Dr. 8616166,
6616666. staats-R. 11 113, 402, 7001, Gy. Meyer, D. 81661611.
6598, 663 ff. 116666 8166616 aber nur 6111 66611161116161 166116·
»16663 661Β66611116666 161 1761116161 161 1666 1616116116166 61· ,
»16166 661166 (S. 5). So sehr 116 1111616 66616616166166161,6161
»666613161113611661166 6661 11166116 166 11111616 111 3611613663

’111161161616611666366 66 61111666, 661 66 36661113 111 11161666
’ »auch in 6611116166 163616366161166 3666666, 161 1161696 161
»1161666166616 161616 3161616611 61661616 36661111166. Wenn und
»1666661111616611366161111161666 66 mit sich 1116366, 1666 116
6Κ11616661116 11166116666116 durch Steuern 3161166 16666, 66 1666
1166, 16 66 6161 1161 61611 um 311661166111161616111611161161161
»16166166161116361161161 6661616 661 1116611161-1661111616 1161161-
»angen 1661611, 661 661 111661 eines 6166116166 (16661666 ⁴) 36-
66616166. 1116 161 Stant 661161 6166 1661166663 161 816661·
»6116111366 6166 161636 66161 666661161166, 6661 6116166 1666,
»so 16666 erden 31616166 1116616616 6661 3636611161 161 1111616
›- 1663 16166 (16661111611116 16361111366 1666161166 6616, wie
»sio 66116 ·- bei (1666116636611116166166636616 86111611663166
»81666161661161166 1613666166 161166 6166111616 ⁴) (166611, wo·

4) 11666 6161116 allen Einzelheiten 166 161. (166616 1661 26. vn 1888
161 1161616, 1116666-1611116366, 3613166 6. 6. 6. 6666361661 werden, 6661611
661616 166 66161161661616613 161166161616 1166161 1616616616611666,161

6166ι 1616116 6666611161 16 ὅ. 11166111. 316181), 11, 12 und 21 6636166161
wor 66.

 

