1188888. 1. 1188888818 0881888. 181 11118888. v. coapta-se. 307

118188 188 gagen diesen 8181118118881881888 vom [1888881188-
8811188881188888 881881. 1. 081188818181881888 881881181 1881818888
18118, 1888 dem 11888888 81811818118888188, 18888118 18188 8188-
818888 werde, weil 1888 1188888 N. 818 18811888888881881 8188118-
88888881188 818118881818. 18 88188 118888 8188811888 1188818888
1888118 188 Ρ188888 N. durch 881888 188811, Η8888 118. Victor
8. 118818 8188111888 heim 1118181888818118818, 888811 88 8811881
mit 11811811 vom 211888881893, Z. 26, 8818888818 8188818888 88818.
1118188888 1188 188 1118811881 188 1181188888 118888 [18118118 181888.
1188881188 1881818

1188111888, 8818188 888 14. 1818888 1887 881118 Ρ18888 11.
18111818888188881818181188888188881181 worden 888, 1888181 188
8188118888 881888 818 8811818888 8188 11888888881188 18118, 1888
8818 188 2811 vom 14. 1818881887 118 1. 1888881890 81811 888
881888 1118881818 Ρ188888 88 88888188, 8881888 8881 188 118 11188818
188181 188 11888811. 8888 8881881818188, 8188 8118881 8118881811
888881818818888888818 81811 888888188 Η1118881881888 8818188888
881 1188811888 88 8888181188 18118, 8881811 ihm 188 18888881881
8188 8888811818 11888888881188 888 10 1. 888 dem 81818818188881811-
88188 118118188818818 8881818. Der 1881181181 118 118888 18888881
8181 18 188 Klage aus den gesetzlichen Bestimmungen des allge-
881888188888118188 (1888181881881188 Dienstleistungen und deren
118118188888188181181 und 118818111181 188 Η118 188181818888 18-
8811 8181 188 Klager 881 118 11811888 188 k. 1. Μ181818818888 118

081188 881 [1818881811 vom 9. Juli 1872, Ζ. 6854, 881 vom 22. Oc· ·

181881872, Z. 12861, 88181 88 888188811181888188818 181881, 1888
88181188118-8188188188888811181 881 188 8881188888888 188 allgem.
1188881. (188818188188 881 81811881118888 beiden 88118888188811,
1818181888181181181818 1188818118 118 118 11818888 188 Η818188
1888888188 881181 8181.

118 181 181881 81188188, 1888 118 Bestimmungen 1888118888.
burgerl. (188818188188 1188 [1188811818188888 im 8881888818888118
8118818881 8181188818888188818888881 118888, weil der 118888
81811 18 818888 881 818888 8888188811118188 18818888 1888188188
[118881888111181888 81811, 881 weil, 88881818188881881818888, 88
81888 888 18888811888181888818818818888881 1818818881 81811 vor
1888 1. 1. 11818188888118 8811881 888181118818.

Boi der heutigen 8881118188 1881881188818118188118811888
1188188188 188 1188888 188 18 1881188888181888818888881888-
888888188 881 118 8181118188 1818888 18811. 11181818818888118 Cultus
und [1818881811 88818181, 881 181888181, 1888 18881118881188188

 

