111 1191101111 mmmmm.

11111111,11111111111111-1111111111111-11111111, 11111111111-811111-
11111. s. 1., 1111111 1111111111 1111111 deutschen Einwandomng
1111 11 jodam 11111111111111111111111. 11111111111111111·

stone 11111111 worden 111. Boi der verhmtnissmassig 1111 1111131111
11111 11111111111111111 mag in 1111111111, 8111111, Italion und 11-
1111111 1111111111 111 [1111111111111 1111111 111111111111111 111
111 1111111111111111111111 1111111 1111111111111111111111. 11111
8111111111) 11111 1111 1131311 111 111111111111111111111111311
11111111111111111 1111111111111111 11111 1111111ιὶ11 1111111111
111111111 111111111111111 111111111111 1111111 Remmium
111111 11181111111111111111 1111111 111111111111111111111114) 1111
1111111111.

816311911111 11111111 Β1111ιι11111ιι 11111111111111111111 111111-
1111111 11 61111311 11111111111111111113111 11111111111111111111Ρ1111·
111 6111111111111111 1111 1111111111 1111111111111 6111111111 11111111111
111111 111111 1111111113 1111111111111161111111111111, 3111111113 1111
111 11111311 11111111111111, 1111 1111111111111111161111 11111111111111
11 1111111111, 1. Β. 1111111111111111311 1111 111 synagoge, anzge 11111111.
doeh liugst 111111111111111 111111111111111111111111111111111. 111111111111
11111111 111111 11111911 11111111111161111111111111111111111111111 Βι-
11111111111 11111111 9111111111 Ζ111111111 1111111111) ab, 1111 11 noch
11 6111111111 11111, 1111111111 31111111111113111 111111111111 11111 811111-
1111 1111 1111 1111111111111111111111 111111111111111111111111111111111
111111111111111111. - Dione Fruge 111 11111111 111111111-111111111

1111111111 1111111111, 1111111111111111111111 11311131, 111111 nicht 1111 “

6131111111 111111111111111111111161111111111111ςοι11111111111; 111 111.
1111 11 111 111111 11111111 11111111111111111111111111111111111111 11111-
111111 11111111 11111111 11111 11111111.

111111111111111. 1888 18. »11111 1813 .. 111 11111111 111 111- ’

»11111111111 0111111111 (s. 11111 fl. 111 1111111111) 11 111 gmeth. 111-
1311111 11 11181111 31111111, 1111111 611111 11 1111111 homme, 1111111
1111111111, 1111 111 dom 1111ςοί 111111161111111111111111111111111111

11111111 111 1111111111111911111111 1111 1111111111111111111113111111- ¹
»111111 1111 111 11111111111111111111111111 Κ111111111111111111111111111.« ¹

1111111111 11111 (S. 12) 11111111111111111113111 111 28. April 1813111111
vollen, 1111111111 1111111111 11111113 111 1111311111111111111111 surgen 111; 1
1111131111116111. 1. 13 1111111 111 1111111 111 1111111111 8111111111 1111 ’
111111111 111 811111911111 11111111 worden. 183. »Wenn 111 111111. 111

11111113 1111 1111111 1111111 1111, 11111 11111 111111111111 111 11111111· ¹

11111111111111111111111111111 1111111111 11 1111111111, 11 1111111111
1111 11111 11 1111111111 111 111 11111111 1116111111, 1111111111 einzelnen
Beatimmungen 111111111111111111111111111111 111 1111111113 111 11111-
111111111 1111111111 Seite. Ζ11ο131111111. Β. I K. S. 11 1111111111 11111111-
1111 11111111111.111111111111111111, »111 1111111111113 11111 1111111111
11111111111111 1111111111, 11111111 111 1111111111 6111111111 111 111
1113111111 (111 811111111111111 111 1111111111111 111111111111111111111111

 

