Χ.
1111111111 011 111111. k. k. 1111011111111111111111

1. vom 11111111111111. 101 (ememtes XVI. 111. 6451).

Wenn 111 1111111 011 Uebernehme 011 Ρ111111111111111111
01111 011 11111111111110 111 911111111111 11 Bezug 111011 011111-
1111 11 Ρ1111-110111111111111111111111 11111 1111111111 worden,
1111111 111111 nach den allgemein 11111111οο1 111111110111111111
Ρ1111 111111111.

2. vom 10. 11111 1892 Z. 812 (Budw. XVI. 111. 6484).

011 1111011111 011 1111111111 11 011 011101111111 1111 1111
111 (11110 1111111111111 0111111111111 11111111.

3. vom 21111111 1892 Ζ. 9181111011. XVI. 111. 0100).

Die 1111111111 011 0111111 eines 1111111111 111 011 01111011
011111 vom 19. 11111188511111111111 11011 11110119111111111111
der Gemeinde 111111111111111 1111111111, 111111111 bie 0111111111
1111111111 011 1111111111 011 Betrag 111 300 11111. 11111111,
111111 1111111111.

4. 11111. December 1811111. 0111111111011111111.
’ (111 011 81111111. 11111. Κί11111111111111 1802 111. 100).

8111111111111011 11111111 011 1. 1. 811111111111111, 111 1111
011111. Μ11111111111 1111 0111111ηο 0111111111 111111 1111111111 ’
011 011111111111 011 11111 011111111111110111111111111 111-
111111, 0111011 Ρ111111, 111111111 011111011011 111101111111 ob·
11111, ihre 011111111111 111111 1111111111, 111111 1111 1118111111111
011 alten 0111111 (welche 1110111111111111111101111111 011·
111111111111 11110111 3111111111 210 fl. 1. W. 11111 111), 1110111
1111 111 Ρ111111111 01111111011111 0111111111 30011111·
ziehungsweise 35011. 1. W. verpfliehtet roien, 1101111110111 11111,
111111 11111 0101111111111 111111111111 1111111111 111101111111
der 111111111111 congrue 11111. 11011111 11111111111111.Ρ11111
011 111111111111 31111011 1111 111 1111118901111111011111111ς
11 11110110111111111111111111 111 111111 Ρ11111 01111111111111111
Heranziehung 011 Ρ111111 111 Ρ111111111011 1111111 congrua ihrer
011111111111111. (Men egl. 011 1111111 011 Min. 1. 0111. 1. 1111111.
11119. April 1890, Ζ. 4184, 111 Archiv Bd. LXV. 8. 100 1.).

 

