110 Lndwig), 0111111111 den 81110911.

391111191111, 110 019 1111 1111911111 111109101101119111911111
011 [11110111 11111131. 11131111111111111109111101111111, das 1111
111191111 1111111 110 11110111 1111 111 81111191 11011113111901-
11111 111119111, 1110 1111 091 81110911111111111111111191111191,
1111111111 1111111, 1191111111 111 1911111, alle, die 91191101101091
1111 1111119 Kerperverletzung in 011 1111119 1091 im 111901119191111
19311391 11111. Bei 8111190113111111 11111111111111111 191119111
1111110190111091111 013111 1200, 111 Ρ111-11011191 1279110
11191113001) 011 1111111113 111 Τ11191 110911111191091111
11110111 (113. 111191111191 111091 11 8111191 110 111111911111
Kirehfesten 1111 111119 111111111111). 1111111111311111111011101111
11911119131 01111 »seeundum 0311111111111111 111111191, 11119110
'Penne 1110911111111 nur mit dreijnhriger 0111119111111 werden.
11111111111300119111110118111091 111 Β11911, 11131111 1303
110 Marciae 1326 0111111111111139111011 11111111131111191191-
011, nm 11191191131111 1191111111, 191 denen 1109111111193111111
111091 111 811111 011 1111 11111 111119111011 011111111111111.
01911119 811111 111111 1111 091 1111101 111 81111111) 1270 1111
011, 111111019111919 111 0911110911911111 11111111 110 nach 091
Synode 111 0111111-0111111 1330 0111911391, welche 11 091 11111111

0911111111 019 01101 1111391 1011 Τ111111 9111311, 11 0111091
011111011111 3111111 nire.

11.011
Die deutschen Synoden.
Das 11111-81111113.

ᾗ. 1. 111111 011111111ηο 111011 im 13. ,11111110111 11911
1111111191 31111191, 019 11111119 euch mit dem Sehutn 011 11111111-
311111111 1111111113191, jedoeh ohne 111111119111 Neues 11 1111311.
Man 1910911 1111 1111 Β111 110 11111οἰ11 111019311111111111
01111111 11, 11111111 mit geringem 1111113 111 011 11111101311
1111111191 110 1911111391 01131111111111110 19111191910111111.
019 1111191111 [1111111311 erint 019 ipso seete 111111 oder 1111
91111 bestimmten 11111 91111111109 111111111111111. So 1111011
Syneden 111 1111111112501), Μ13011113 12611), 0011 110 11111111

1) namn, xxv, 11. -11 1.,1111, 161. ⁹
3) 01111111111111, 007. 1111111111, 0111111. conell. 1. V, 157.
4) , 1111111. , , „nn 111.

 

