362 1111111111 Sammaei, franssa-11:1³.

7. wie 11 1111111 (111. 11, 111. 1111. 11.-111 11 111111) .
1110111111111111111. 118), 1111111 11 811111111111118111111111 1

11 1111111111 1111111111, 111 ihm 11111111111111181111111111-
11111111 1111111, 111 Ζ1111111111111111111111111111111111(1111111111 ’

1111111111 (11111. 8111111111 1801 11 1111. 1. dir. 1111. 11 p. 887,
11111. 1. m. 69 8. 158).

8. 1111 1111111111 die 1111111111 eines 1111111111111 (111. 0. ’

1911111111) 11111, wird 11111 11111 1111111111 (Sch. 89), wohl
1111111111111111 (G. pen. 250, 1111111 1858 ΙΙΙ 47, 1880 1138
11111 187111196) 111 1111111111ηά (Ggl. 158 und 8111111111. 111
1111111-0. 1181111111111 11 89) 11111111.

9. 811111111111191111 111 »1111111111 11111111 1111511111
8111111111, 811. 10.

10. 811. 11111111 10-58, ob (111 11186112821111 01111111.
sich 111111 1111111111, oder 1111111Ρ11111-81111111111111111111111
11111111 1. 1. 11.,11111111

11. p. 58-681111111. 199-2081111 code pen.. 111. Δ111. 1
11.-11. 12 S. 818, Ggl. 88.

12. 11111 Geschwomndimte 1111 (1111111111 in 1111111111
(11111. d. 011111. 1111. 1888 p. 39) 11111 nur 1111111, 1111111
1111111111111ς 111111 in 11111111, 111811. 00 1118111111 1 153
1111111111,111 11111111111(111111111111111111 werden 1011111, weil
111 1111111911 01111111111111 (1111111111 1111111111, 1111111 1111111-
111 11111111.

18. Nur in 8111111111 111 111 (1111111111 vom 8111111111
11111111111111, 1111111 11111111

14. 11111111 811. 71 111 811111111181111116.1111111911. 155)
111 1111111111.

15. 111 1111111111 Β111111 1111111111 (111 D. Reichsgericht
(1111111. 11 811111. 118181111858, vgl. Kass, Paris 80. 011. 1888)
1111111111111111111111; 811. 74 1111111111 111 81111111111111111111
28. April 1883, Dalloz 188411165, 11.

16. 111111 11111111, 1111111111 1111 111 1111111111 (811. 76, Ggl.
82 u. 258, 11111111 11111. 1. (lons. 1. 1111. belgas 11 866 u. 375)
1111 (1111111111 1111111111 sein.

17. 111111111111111111111 p. 78 -89 (111 1111111111111 (fram.
8111111111 1. l. 1111111 1880, 1111111 1111111111111118901. 1975)

1111 81111111111111111, 111811111111111111 111 0111111111 11 1 perron,
111. 1111 Journal. d. 0111. 11. 1111. 1889 p. 29, 1881 p. 118 111
1886 p. 90.

 

